decisionTree	c=0.000000	c=0.100000	c=0.200000	c=0.300000	c=0.400000	c=0.500000	c=0.600000	c=0.700000	c=0.800000	c=0.900000	
Fold_1_filtered_accuracy	93.9863	93.9863	93.9863	93.9863	93.9878	94.0064	96.0154	96.0722	96.4015	96.8057
Fold_1_filtered_F-measure	75.6897	75.6897	75.6897	75.6897	75.6905	75.7319	77.7710	77.7943	78.9933	80.4154
Fold_1_filtered_g-mean	68.3894	68.3894	68.3894	68.3894	68.3905	68.4707	72.5199	72.6199	74.1881	76.1610
Fold_1_filtered_macro_g-mean	85.2092	85.2092	85.2092	85.2092	85.2100	85.2607	86.9347	86.9614	87.6905	88.9153
Fold_1_filtered_classified_ratio	100.0000	100.0000	100.0000	100.0000	99.9984	99.9703	94.7876	94.6065	93.2819	89.9736
Fold_2_filtered_accuracy	94.3141	94.3141	94.3141	94.3141	94.3200	94.3717	94.4954	94.5049	95.7160	98.0400
Fold_2_filtered_F-measure	76.3329	76.3329	76.3329	76.3329	76.3774	76.4112	77.9692	78.3166	80.6180	83.7870
Fold_2_filtered_g-mean	0.0000	0.0000	0.0000	0.0000	0.0000	0.0000	0.0000	0.0000	0.0000	0.0000
Fold_2_filtered_macro_g-mean	81.0561	81.0561	81.0561	81.0561	81.0696	81.0996	82.2087	82.5910	84.6469	87.4701
Fold_2_filtered_classified_ratio	100.0000	100.0000	100.0000	100.0000	99.9938	99.9125	99.6329	99.5501	93.7455	77.9437
Fold_3_filtered_accuracy	94.2626	94.2626	94.2626	94.2626	94.4335	94.4505	94.4823	95.0474	95.5851	96.7188
Fold_3_filtered_F-measure	77.2246	77.2246	77.2246	77.2246	78.3526	78.3408	78.5305	79.3549	79.8577	81.2128
Fold_3_filtered_g-mean	0.0000	0.0000	0.0000	0.0000	0.0000	0.0000	0.0000	0.0000	0.0000	0.0000
Fold_3_filtered_macro_g-mean	81.6971	81.6971	81.6971	81.6971	82.1073	82.1061	82.2062	83.1422	83.4552	84.5473
Fold_3_filtered_classified_ratio	100.0000	100.0000	100.0000	100.0000	99.7032	99.6704	99.5939	97.7116	95.1061	87.8331
Fold_4_filtered_accuracy	94.1859	94.1859	94.1859	94.1859	94.1859	94.2057	94.9018	96.0716	96.8528	97.5923
Fold_4_filtered_F-measure	74.7741	74.7741	74.7741	74.7741	74.7741	74.7852	76.5775	78.0308	82.0967	82.5068
Fold_4_filtered_g-mean	0.0000	0.0000	0.0000	0.0000	0.0000	0.0000	0.0000	0.0000	0.0000	0.0000
Fold_4_filtered_macro_g-mean	79.9068	79.9068	79.9068	79.9068	79.9068	79.9150	81.5570	82.8596	87.4472	87.8272
Fold_4_filtered_classified_ratio	100.0000	100.0000	100.0000	100.0000	100.0000	99.9641	98.3239	94.2000	90.7806	86.2224
Fold_5_filtered_accuracy	95.7167	95.7167	95.7167	95.7167	95.7166	96.0167	96.2716	96.4222	97.8637	97.9824
Fold_5_filtered_F-measure	71.1827	71.1827	71.1827	71.1827	71.1827	77.3464	77.4058	78.3297	90.7223	91.5195
Fold_5_filtered_g-mean	0.0000	0.0000	0.0000	0.0000	0.0000	0.0000	0.0000	0.0000	85.5364	86.9253
Fold_5_filtered_macro_g-mean	75.0907	75.0907	75.0907	75.0907	75.0907	80.6969	80.7360	81.4457	93.0376	93.7379
Fold_5_filtered_classified_ratio	100.0000	100.0000	100.0000	100.0000	99.9984	99.4533	98.7956	98.3254	91.3287	90.5071
Fold_6_filtered_accuracy	93.8655	93.8655	93.8655	93.8655	93.8655	94.0074	94.0746	94.1736	95.3466	97.4935
Fold_6_filtered_F-measure	81.2076	81.2076	81.2076	81.2076	81.2076	81.6170	82.2373	78.9443	80.2681	82.2891
Fold_6_filtered_g-mean	72.8600	72.8600	72.8600	72.8600	72.8600	73.4923	75.0195	0.0000	0.0000	0.0000
Fold_6_filtered_macro_g-mean	86.9248	86.9248	86.9248	86.9248	86.9248	87.1620	87.6544	83.0042	84.1877	86.1327
Fold_6_filtered_classified_ratio	100.0000	100.0000	100.0000	100.0000	100.0000	99.7344	99.5751	99.1486	92.7533	72.7314
Fold_7_filtered_accuracy	94.9495	94.9495	94.9495	94.9495	94.9493	94.9752	95.2242	95.4165	97.1121	97.4355
Fold_7_filtered_F-measure	77.8247	77.8247	77.8247	77.8247	77.8246	77.8246	79.3358	80.0136	82.1712	83.1489
Fold_7_filtered_g-mean	72.3609	72.3609	72.3609	72.3609	72.3608	72.3654	77.8747	78.7901	82.6246	84.2438
Fold_7_filtered_macro_g-mean	86.5330	86.5330	86.5330	86.5330	86.5329	86.5378	89.3414	89.7865	91.7573	92.5841
Fold_7_filtered_classified_ratio	100.0000	100.0000	100.0000	100.0000	99.9969	99.9531	99.3736	98.8065	92.2859	89.7911
Fold_8_filtered_accuracy	94.6211	94.6211	94.6211	94.6211	94.6211	94.9440	95.2411	95.4205	95.8977	96.8249
Fold_8_filtered_F-measure	74.7453	74.7453	74.7453	74.7453	74.7453	79.5679	79.6982	79.9411	81.3841	89.7126
Fold_8_filtered_g-mean	55.2916	55.2916	55.2916	55.2916	55.2916	69.6388	69.7701	70.0740	72.0917	86.7427
Fold_8_filtered_macro_g-mean	80.5870	80.5870	80.5870	80.5870	80.5870	84.8507	84.9486	85.1094	86.3498	93.3009
Fold_8_filtered_classified_ratio	100.0000	100.0000	100.0000	100.0000	100.0000	99.2798	98.6830	98.1143	96.0068	89.1093
Fold_9_filtered_accuracy	88.0968	88.0968	88.0968	88.0968	88.0968	88.1106	94.5902	94.6513	94.7752	97.4324
Fold_9_filtered_F-measure	77.7697	77.7697	77.7697	77.7697	77.7697	77.8086	82.6283	82.7069	82.7057	86.0649
Fold_9_filtered_g-mean	73.0186	73.0186	73.0186	73.0186	73.0186	73.1046	80.7511	81.2519	81.0711	86.5907
Fold_9_filtered_macro_g-mean	86.6049	86.6049	86.6049	86.6049	86.6049	86.6346	90.8767	90.9851	90.7858	93.7760
Fold_9_filtered_classified_ratio	100.0000	100.0000	100.0000	100.0000	100.0000	99.9719	84.0957	83.8880	83.3068	62.6734
Fold_10_filtered_accuracy	94.8131	94.8131	94.8131	94.8131	94.8131	94.9213	94.9699	95.2289	95.8025	97.7299
Fold_10_filtered_F-measure	80.4152	80.4152	80.4152	80.4152	80.4152	82.1048	82.5712	82.8187	84.4045	88.4993
Fold_10_filtered_g-mean	72.7232	72.7232	72.7232	72.7232	72.7232	75.7885	77.5120	77.8241	80.2222	87.8631
Fold_10_filtered_macro_g-mean	86.7733	86.7733	86.7733	86.7733	86.7733	87.7273	89.0358	89.2131	90.5795	94.3745
Fold_10_filtered_classified_ratio	100.0000	100.0000	100.0000	100.0000	100.0000	99.7907	99.6688	98.8251	96.1755	77.9746
Macro_total_filtered_accuracy	93.8812	1.9956	93.8812	1.9956	93.8812	1.9956	93.8812	1.9956	93.8990	1.9996	94.0009	2.0451	95.0267	0.6563	95.3009	0.6978	96.1353	0.8743	97.4055	0.4531
Macro_total_filtered_F-measure	76.7167	2.7555	76.7167	2.7555	76.7167	2.7555	76.7167	2.7555	76.8340	2.7960	78.1538	2.2532	79.4725	2.1440	79.6251	1.7253	82.3222	3.1667	84.9156	3.6311
Average_total_filtered_g-mean	41.4644	34.2146	41.4644	34.2146	41.4644	34.2146	41.4644	34.2146	41.4645	34.2147	43.2860	35.3936	45.3447	37.1306	38.0560	38.1677	47.5734	39.0131	50.8527	41.6362
Average_total_filtered_macro_g-mean	83.0383	3.7869	83.0383	3.7869	83.0383	3.7869	83.0383	3.7869	83.0807	3.7737	84.1991	2.8069	85.5500	3.5082	85.5098	3.2893	87.9937	3.2166	90.2666	3.4816
Macro_total_filtered_classified_ratio	100.0000	0.0000	100.0000	0.0000	100.0000	0.0000	100.0000	0.0000	99.9691	0.0886	99.7700	0.2291	97.2530	4.6003	96.3176	4.4951	92.4771	3.5172	82.4760	8.8818
