gaussianNB	c=0.000000	c=0.100000	c=0.200000	c=0.300000	c=0.400000	c=0.500000	c=0.600000	c=0.700000	c=0.800000	c=0.900000	
Fold_1_filtered_accuracy	37.8142	37.8142	37.8142	37.8142	37.8147	37.8277	38.2482	39.0660	41.4755	43.8875
Fold_1_filtered_F-measure	32.2577	32.2577	32.2577	32.2577	32.2580	32.2697	32.5069	32.9034	33.5331	34.4386
Fold_1_filtered_g-mean	49.3079	49.3079	49.3079	49.3079	49.3087	49.3152	49.3318	49.6033	49.9317	49.2610
Fold_1_filtered_macro_g-mean	75.7800	75.7800	75.7800	75.7800	75.7807	75.7852	75.7824	75.9305	76.3353	76.2698
Fold_1_filtered_classified_ratio	100.0000	100.0000	100.0000	100.0000	99.9984	99.9641	97.6726	95.2281	86.7247	79.6520
Fold_2_filtered_accuracy	37.8519	37.8519	37.8519	37.8519	37.8578	37.8631	38.1479	39.1574	42.1281	44.6273
Fold_2_filtered_F-measure	32.2696	32.2696	32.2696	32.2696	32.2710	32.2837	32.5107	32.8779	33.7708	34.7103
Fold_2_filtered_g-mean	0.0000	0.0000	0.0000	0.0000	0.0000	0.0000	0.0000	0.0000	0.0000	0.0000
Fold_2_filtered_macro_g-mean	66.0921	66.0921	66.0921	66.0921	66.0924	66.0927	66.1306	66.2535	66.8413	66.9660
Fold_2_filtered_classified_ratio	100.0000	100.0000	100.0000	100.0000	99.9844	99.9703	98.9987	94.9186	87.5394	80.3758
Fold_3_filtered_accuracy	38.0690	38.0690	38.0690	38.0690	38.0688	38.1451	38.9908	39.4518	42.4380	45.8802
Fold_3_filtered_F-measure	31.9825	31.9825	31.9825	31.9825	31.9843	32.0257	32.3873	32.6715	33.6199	34.5630
Fold_3_filtered_g-mean	46.9623	46.9623	46.9623	46.9623	46.9633	47.0444	45.8420	45.3951	46.9443	46.6992
Fold_3_filtered_macro_g-mean	73.1891	73.1891	73.1891	73.1891	73.1897	73.2468	73.0384	72.9678	74.2277	74.0449
Fold_3_filtered_classified_ratio	100.0000	100.0000	100.0000	100.0000	99.9922	99.7922	97.5476	95.0498	88.2252	81.3303
Fold_4_filtered_accuracy	37.9134	37.9134	37.9134	37.9134	37.9151	37.9234	38.1500	38.8436	41.3652	43.0728
Fold_4_filtered_F-measure	31.8846	31.8846	31.8846	31.8846	31.8854	31.8963	32.0404	32.4361	33.1037	33.8234
Fold_4_filtered_g-mean	47.6979	47.6979	47.6979	47.6979	47.6995	47.7028	47.6145	47.9949	48.3057	48.3536
Fold_4_filtered_macro_g-mean	75.1669	75.1669	75.1669	75.1669	75.1683	75.1703	75.1226	75.3091	75.6986	75.6364
Fold_4_filtered_classified_ratio	100.0000	100.0000	100.0000	100.0000	99.9953	99.9734	97.1195	94.7983	85.6585	79.4555
Fold_5_filtered_accuracy	37.2891	37.2891	37.2891	37.2891	37.2949	37.3083	37.6799	38.6356	40.4690	43.5459
Fold_5_filtered_F-measure	25.3484	25.3484	25.3484	25.3484	25.3497	25.3620	25.5950	26.0043	26.5235	27.4122
Fold_5_filtered_g-mean	0.0000	0.0000	0.0000	0.0000	0.0000	0.0000	0.0000	0.0000	0.0000	0.0000
Fold_5_filtered_macro_g-mean	62.2559	62.2559	62.2559	62.2559	62.2561	62.2615	62.2977	62.5192	62.5087	61.8788
Fold_5_filtered_classified_ratio	100.0000	100.0000	100.0000	100.0000	99.9844	99.9485	98.7722	96.0135	88.7341	80.6455
Fold_6_filtered_accuracy	37.1069	37.1069	37.1069	37.1069	37.1087	37.1135	37.8486	39.8841	40.3346	40.7837
Fold_6_filtered_F-measure	24.2524	24.2524	24.2524	24.2524	24.2543	24.2600	24.5398	25.6724	26.1275	26.8890
Fold_6_filtered_g-mean	0.0000	0.0000	0.0000	0.0000	0.0000	0.0000	0.0000	0.0000	0.0000	0.0000
Fold_6_filtered_macro_g-mean	66.0284	66.0284	66.0284	66.0284	66.0286	66.0294	66.1709	66.7861	66.7788	67.6500
Fold_6_filtered_classified_ratio	100.0000	100.0000	100.0000	100.0000	99.9953	99.9781	97.7927	92.4846	88.5121	85.3925
Fold_7_filtered_accuracy	37.9251	37.9251	37.9251	37.9251	37.9257	37.9346	38.1379	39.0159	41.7213	43.7368
Fold_7_filtered_F-measure	32.2810	32.2810	32.2810	32.2810	32.2828	32.2923	32.4411	32.8194	33.5173	34.1834
Fold_7_filtered_g-mean	0.0000	0.0000	0.0000	0.0000	0.0000	0.0000	0.0000	0.0000	0.0000	0.0000
Fold_7_filtered_macro_g-mean	68.9139	68.9139	68.9139	68.9139	68.9139	68.9147	68.8722	69.0707	69.3776	69.2326
Fold_7_filtered_classified_ratio	100.0000	100.0000	100.0000	100.0000	99.9984	99.9750	97.2506	94.7339	85.5842	79.4042
Fold_8_filtered_accuracy	37.2510	37.2510	37.2510	37.2510	37.2510	37.2568	37.6347	38.0644	39.7987	40.4584
Fold_8_filtered_F-measure	31.9990	31.9990	31.9990	31.9990	31.9990	32.0031	32.2741	32.5869	33.1277	33.6266
Fold_8_filtered_g-mean	47.1346	47.1346	47.1346	47.1346	47.1346	47.1373	47.2891	47.4123	47.6238	47.9705
Fold_8_filtered_macro_g-mean	73.7297	73.7297	73.7297	73.7297	73.7297	73.7316	73.8183	73.9047	74.2487	74.4235
Fold_8_filtered_classified_ratio	100.0000	100.0000	100.0000	100.0000	100.0000	99.9844	98.5736	96.7426	89.0922	84.7975
Fold_9_filtered_accuracy	37.1891	37.1891	37.1891	37.1891	37.1943	37.1978	37.6738	38.8047	41.1918	43.2791
Fold_9_filtered_F-measure	31.8327	31.8327	31.8327	31.8327	31.8345	31.8396	32.0978	32.5969	33.2366	34.0255
Fold_9_filtered_g-mean	0.0000	0.0000	0.0000	0.0000	0.0000	0.0000	0.0000	0.0000	0.0000	0.0000
Fold_9_filtered_macro_g-mean	66.6487	66.6487	66.6487	66.6487	66.6510	66.6518	66.7198	66.9403	67.3851	67.2431
Fold_9_filtered_classified_ratio	100.0000	100.0000	100.0000	100.0000	99.9859	99.9766	98.4439	95.2084	86.6985	80.2431
Fold_10_filtered_accuracy	38.3108	38.3108	38.3108	38.3108	38.3132	38.3254	39.4725	41.5707	43.2443	43.4348
Fold_10_filtered_F-measure	32.1536	32.1536	32.1536	32.1536	32.1565	32.1668	32.5574	33.1634	33.5844	34.0507
Fold_10_filtered_g-mean	45.6454	45.6454	45.6454	45.6454	45.6471	45.5795	45.8788	47.5314	47.6097	47.2263
Fold_10_filtered_macro_g-mean	73.2154	73.2154	73.2154	73.2154	73.2169	73.1662	73.3970	74.9828	74.9750	74.6868
Fold_10_filtered_classified_ratio	100.0000	100.0000	100.0000	100.0000	99.9938	99.9375	95.8380	88.8248	82.4897	79.8978
Macro_total_filtered_accuracy	37.6720	0.4021	37.6720	0.4021	37.6720	0.4021	37.6720	0.4021	37.6744	0.4015	37.6896	0.4101	38.1984	0.5698	39.2494	0.8984	41.4166	0.9862	43.2707	1.5325
Macro_total_filtered_F-measure	30.6261	2.9271	30.6261	2.9271	30.6261	2.9271	30.6261	2.9271	30.6275	2.9270	30.6399	2.9287	30.8951	2.9279	31.3732	2.7751	32.0145	2.8534	32.7723	2.8304
Average_total_filtered_g-mean	23.6748	23.6897	23.6748	23.6897	23.6748	23.6897	23.6748	23.6897	23.6753	23.6902	23.6779	23.6932	23.5956	23.6132	23.7937	23.8127	24.0415	24.0523	23.9511	23.9593
Average_total_filtered_macro_g-mean	70.1020	4.4480	70.1020	4.4480	70.1020	4.4480	70.1020	4.4480	70.1027	4.4482	70.1050	4.4484	70.1350	4.4254	70.4665	4.4790	70.8377	4.5822	70.8032	4.5978
Macro_total_filtered_classified_ratio	100.0000	0.0000	100.0000	0.0000	100.0000	0.0000	100.0000	0.0000	99.9928	0.0056	99.9500	0.0543	97.8009	0.8994	94.4003	2.1247	86.9258	1.8900	81.1194	2.0672
