taylor2016appscanner_RF	c=0.000000	c=0.100000	c=0.200000	c=0.300000	c=0.400000	c=0.500000	c=0.600000	c=0.700000	c=0.800000	c=0.900000	
Fold_1_filtered_accuracy	96.5371	96.5371	96.5371	96.5371	96.5520	96.9632	97.8976	98.3458	98.7094	99.5514
Fold_1_filtered_F-measure	80.7519	80.7519	80.7519	80.7519	80.8106	82.1476	85.2115	88.2872	87.4647	98.0283
Fold_1_filtered_g-mean	68.1643	68.1643	68.1643	68.1643	68.2429	70.0675	73.5123	78.1323	0.0000	96.8033
Fold_1_filtered_macro_g-mean	85.1947	85.1947	85.1947	85.1947	85.2503	86.3670	88.7276	91.4562	89.2259	98.5028
Fold_1_filtered_classified_ratio	100.0000	100.0000	100.0000	100.0000	99.9797	99.2690	96.5824	93.7645	89.6815	78.6836
Fold_2_filtered_accuracy	96.3979	96.3979	96.3979	96.3979	96.4307	96.8670	97.8036	98.3662	98.6855	99.5104
Fold_2_filtered_F-measure	79.7070	79.7070	79.7070	79.7070	79.8423	81.8366	81.8859	91.2641	93.1621	99.4324
Fold_2_filtered_g-mean	0.0000	0.0000	0.0000	0.0000	0.0000	0.0000	76.9902	84.5179	88.4888	99.8122
Fold_2_filtered_macro_g-mean	83.2271	83.2271	83.2271	83.2271	83.3334	84.9832	84.8720	93.5064	94.8604	99.8842
Fold_2_filtered_classified_ratio	100.0000	100.0000	100.0000	100.0000	99.9578	99.1690	96.1511	92.9317	89.1265	77.8469
Fold_3_filtered_accuracy	96.3338	96.3338	96.3338	96.3338	96.3608	97.0532	97.7617	98.3495	98.6514	99.5724
Fold_3_filtered_F-measure	85.7077	85.7077	85.7077	85.7077	85.7842	87.1024	87.5087	90.1996	86.3136	99.4175
Fold_3_filtered_g-mean	77.0088	77.0088	77.0088	77.0088	77.1284	77.0379	75.9292	79.8088	0.0000	99.6245
Fold_3_filtered_macro_g-mean	89.3372	89.3372	89.3372	89.3372	89.4134	90.3353	90.6065	92.7490	88.2926	99.7940
Fold_3_filtered_classified_ratio	100.0000	100.0000	100.0000	100.0000	99.9672	98.8097	96.4447	93.1254	89.3014	78.5326
Fold_4_filtered_accuracy	96.4400	96.4400	96.4400	96.4400	96.4641	96.9415	97.7821	98.2567	98.5686	99.5721
Fold_4_filtered_F-measure	83.1190	83.1190	83.1190	83.1190	83.2222	84.1048	80.5563	91.2297	93.4886	99.5100
Fold_4_filtered_g-mean	71.8487	71.8487	71.8487	71.8487	71.9729	71.8673	0.0000	80.6200	87.9361	99.8459
Fold_4_filtered_macro_g-mean	86.9833	86.9833	86.9833	86.9833	87.0674	87.6885	83.5175	93.8600	95.4435	99.9038
Fold_4_filtered_classified_ratio	100.0000	100.0000	100.0000	100.0000	99.9734	99.2877	97.0523	93.7282	90.2526	79.2258
Fold_5_filtered_accuracy	96.4306	96.4306	96.4306	96.4306	96.4635	97.1268	97.8300	98.3119	98.6862	99.5694
Fold_5_filtered_F-measure	80.9780	80.9780	80.9780	80.9780	81.1031	83.3879	89.3763	92.7282	94.2662	99.4423
Fold_5_filtered_g-mean	0.0000	0.0000	0.0000	0.0000	0.0000	0.0000	81.5521	86.6073	89.9634	99.7080
Fold_5_filtered_macro_g-mean	84.1731	84.1731	84.1731	84.1731	84.2909	86.1090	92.0847	94.8832	95.8901	99.8334
Fold_5_filtered_classified_ratio	100.0000	100.0000	100.0000	100.0000	99.9594	98.8409	96.7493	92.9971	89.7682	79.0865
Fold_6_filtered_accuracy	96.4836	96.4836	96.4836	96.4836	96.4983	97.1592	97.9052	98.4015	98.6573	99.5444
Fold_6_filtered_F-measure	80.9386	80.9386	80.9386	80.9386	80.9837	82.8158	82.9180	90.7401	87.9086	99.5035
Fold_6_filtered_g-mean	0.0000	0.0000	0.0000	0.0000	0.0000	0.0000	0.0000	83.0942	0.0000	99.7494
Fold_6_filtered_macro_g-mean	84.0600	84.0600	84.0600	84.0600	84.1029	85.6105	85.5095	93.2295	89.5026	99.8541
Fold_6_filtered_classified_ratio	100.0000	100.0000	100.0000	100.0000	99.9719	98.9268	96.8710	93.2297	89.9320	79.5423
Fold_7_filtered_accuracy	96.5569	96.5569	96.5569	96.5600	96.5869	97.1714	97.8863	98.3736	98.7196	99.6121
Fold_7_filtered_F-measure	81.3969	81.3969	81.3969	81.4086	81.5037	83.5621	83.8602	86.2030	88.1681	99.4709
Fold_7_filtered_g-mean	0.0000	0.0000	0.0000	0.0000	0.0000	0.0000	0.0000	0.0000	0.0000	99.7517
Fold_7_filtered_macro_g-mean	84.6811	84.6811	84.6811	84.6923	84.7825	86.6099	86.1905	88.1254	89.4710	99.8587
Fold_7_filtered_classified_ratio	100.0000	100.0000	100.0000	99.9969	99.9609	98.9143	96.8913	93.3623	90.0411	78.9340
Fold_8_filtered_accuracy	96.5099	96.5099	96.5099	96.5099	96.5324	97.1280	97.8161	98.3510	98.6527	99.6047
Fold_8_filtered_F-measure	73.9276	73.9276	73.9276	73.9276	74.0204	75.8339	82.5688	83.8724	84.3790	99.1704
Fold_8_filtered_g-mean	0.0000	0.0000	0.0000	0.0000	0.0000	0.0000	0.0000	0.0000	0.0000	99.0804
Fold_8_filtered_macro_g-mean	77.3013	77.3013	77.3013	77.3013	77.3755	78.8915	85.2045	85.1033	85.1685	99.5267
Fold_8_filtered_classified_ratio	100.0000	100.0000	100.0000	100.0000	99.9750	98.9470	96.9301	93.4166	89.6311	77.8609
Fold_9_filtered_accuracy	96.4676	96.4676	96.4676	96.4676	96.5021	97.0446	97.7657	98.3582	98.6697	99.5757
Fold_9_filtered_F-measure	84.3960	84.3960	84.3960	84.3960	84.5345	86.2343	89.2563	86.6768	94.0322	99.3597
Fold_9_filtered_g-mean	74.9063	74.9063	74.9063	74.9063	75.0961	77.2129	80.1197	0.0000	88.5972	99.4235
Fold_9_filtered_macro_g-mean	88.1045	88.1045	88.1045	88.1045	88.2259	89.6742	92.0319	88.5206	95.6892	99.6956
Fold_9_filtered_classified_ratio	100.0000	100.0000	100.0000	100.0000	99.9578	98.9579	96.7723	92.8759	89.2545	77.3185
Fold_10_filtered_accuracy	96.5457	96.5457	96.5457	96.5457	96.5622	97.2245	97.8825	98.3632	98.7044	99.6088
Fold_10_filtered_F-measure	82.3546	82.3546	82.3546	82.3546	82.4300	84.1058	91.1898	91.5664	94.6817	99.5196
Fold_10_filtered_g-mean	0.0000	0.0000	0.0000	0.0000	0.0000	0.0000	84.9399	83.9649	91.2900	99.7834
Fold_10_filtered_macro_g-mean	85.5338	85.5338	85.5338	85.5338	85.5803	87.0621	93.9838	94.3676	96.3578	99.8743
Fold_10_filtered_classified_ratio	100.0000	100.0000	100.0000	100.0000	99.9797	98.8455	96.9457	93.1571	90.3168	79.0823
Macro_total_filtered_accuracy	96.4703	0.0677	96.4703	0.0677	96.4703	0.0677	96.4706	0.0680	96.4953	0.0646	97.0679	0.1090	97.8331	0.0530	98.3478	0.0372	98.6705	0.0410	99.5721	0.0301
Macro_total_filtered_F-measure	81.3277	3.0143	81.3277	3.0143	81.3277	3.0143	81.3289	3.0143	81.4235	3.0154	83.1131	2.8903	85.4332	3.4790	89.2767	2.7259	90.3865	3.6932	99.2855	0.4301
Average_total_filtered_g-mean	29.1928	35.8158	29.1928	35.8158	29.1928	35.8158	29.1928	35.8158	29.2440	35.8794	29.6186	36.3297	47.3043	38.7356	57.6746	37.8273	44.6275	44.6358	99.3582	0.8795
Average_total_filtered_macro_g-mean	84.8596	3.1079	84.8596	3.1079	84.8596	3.1079	84.8607	3.1078	84.9422	3.1111	86.3331	2.9563	88.2728	3.4999	91.5801	3.0812	91.9902	3.8538	99.6728	0.4047
Macro_total_filtered_classified_ratio	100.0000	0.0000	100.0000	0.0000	100.0000	0.0000	99.9997	0.0009	99.9683	0.0084	98.9968	0.1692	96.7390	0.2600	93.2588	0.2937	89.7306	0.3928	78.6113	0.6802
